173
107
76
30
70
107
84
140
184
166
172
181
123
57
168
194
33
189
41
71
83
172
114
63
0
236
18
212
66
119
1
9
97
83
52
170
232
6
52
61
69
190
194
166
101
74
37
145
165
93
126
141
72
136
5
102
82
90
215
34
217
162
208
169
43
122
20
27
75
36
204
24
48
212
118
51
81
109
88
192
117
194
161
133
202
106
249
164
51
40
219
61
32
184
246
174
193
124
201
80
182
59
204
151
245
128
109
51
17
45
156
189
105
125
218
140
84
32
205
240
54
169
107
92
146
164
101
74
31
170
116
135
208
141
109
43
63
135
78
6
127
178
229
114
12
147
65
23
231
13
35
43
100
90
131
218
95
171
170
7
74
7
200
29
10
86
112
11
63
212
210
124
172
142
122
72
218
78
75
10
3
167
72
94
154
90
63
254
35
186
53
8
248
27
32
176
145
156
251
35
103
77
115
171
17
1
156
203
89
92
3
147
91
76
55
249
187
185
38
65
79
98
62
154
8
85
2
108
37
150
195
12
4
49
227
35
108
156
46
156
196
16
30
37
191
19
25
164
96
44
123
119
135
11
55
33
113
64
206
4
172
209
253
78
169
7
67
116
228
82
54
248
133
51
26
62
181
206
17
136
124
131
4
8
65
194
243
174
70
177
159
199
167
54
92
232
184
222
53
105
185
10
47
23
235
21
9
74
0
212
210
26
30
240
214
143
233
61
125
10
10
71
183
80
179
128
145
189
75
237
177
159
151
4
127
108
181
145
196
91
239
161
26
72
89
188
236
187
55
217
243
76
123
194
252
28
168
244
111
221
54
125
108
56
36
111
51
96
230
178
50
39
10
226
211
28
98
189
55
115
241
140
203
7
243
196
192
117
91
99
62
91
19
58
59
30
217
45
184
125
238
114
194
181
233
167
7
107
35
221
197
200
16
138
111
56
147
36
245
117
241
130
147
241
225
125
40
128
136
86
121
230
62
10
89
237
10
171
149
218
10
141
68
236
74
121
102
234
169
220
135
217
12
125
104
246
125
30
132
161
46
120
120
19
3
45
103
40
172
233
47
229
221
130
169
153
230
29
180
68
73
119
144
48
244
114
217
185
144
151
226
16
113
163
190
108
238
177
39
164
88
97
178
128
11
188
55
8
255
205
54
161
180
60
131
250
86
181
66
170
43
108
3
61
202
170
119
166
176
199
214
64
101
74
139
235
17
11
141
222
205
252
13
69
120
191
9
101
20
249
234
174
94
150
201
133
17
19
107
155
110
76
104
192
103
183
135
177
5
240
254
137
63
218
156
216
86
217
57
210
232
125
103
137
244
41
11
1
98
22
84
35
55
195
67
180
78
175
251
56
84
179
119
13
81
206
77
184
254
132
133
247
202
54
98
153
22
219
249
195
238
173
72
95
223
252
231
84
30
200
5
125
71
186
199
96
13
162
191
83
73
109
95
146
61
192
208
33
12
90
189
18
134
16
26
22
204
140
109
113
146
235
160
136
6
238
36
198
73
22
5
63
146
71
250
215
153
190
193
39
39
201
254
228
103
135
63
144
204
227
60
2
3
100
109
26
201
234
58
37
252
84
244
81
166
96
45
222
238
87
137
1
229
145
139
196
164
149
210
12
94
213
44
251
159
187
50
214
181
63
199
26
27
214
183
186
72
4
205
209
182
106
238
233
197
68
178
60
67
158
231
154
7
42
249
206
95
84
146
118
235
220
159
229
102
125
225
233
115
120
161
214
163
185
224
41
130
31
249
104
26
68
12
163
32
62
201
33
254
215
134
89
78
207
134
134
230
118
76
117
128
198
102
192
253
229
75
254
9
12
54
12
18
243
242
30
225
134
26
19
232
168
21
177
13
82
125
94
11
105
219
164
78
219
163
29
216
121
73
124
79
87
14
54
191
139
132
27
194
195
163
161
180
82
59
73
177
82
175
52
243
200
103
98
86
48
146
26
22
239
245
155
133
191
175
92
168
110
19
181
97
8
52
221
42
91
61
224
240
180
131
113
154
53
236
120
1
46
182
159
97
72
244
15
75
178
241
24
0
69
64
151
115
110
175
126
39
95
212
132
7
239
108
141
96
71
165
139
185
210
96
166
107
111
187
73
251
156
114
227
180
34
199
167
18
94
195
48
249
246
52
128
199
23
198
142
165
73
218
9
70
84
131
91
162
91
129
152
57
221
231
36
22
214
27
250
231
86
192
174
18
71
35
167
125
167
225
166
175
114
26
140
154
112
130
14
91
122
177
174
64
62
183
140
94
224
77
205
124
228
138
244
44
220
81
22
0
254
83
28
73
150
145
240
122
152
231
55
20
162
105
57
116
35
113
185
222
181
63
9
98
67
215
223
186
59
60
9
46
12
148
168
132
230
49
185
178
172
249
94
59
147
236
44
204
26
198
6
215
121
76
182
141
115
94
10
206
24
95
38
170
193
232
76
4
150
220
210
161
159
124
163
172
136
38
7
56
231
32
114
1
47
217
99
96
23
10
186
96
210
254
26
158
196
190
97
201
203
101
129
191
135
52
25
245
221
219
131
227
204
238
112
175
91
238
159
102
205
253
238
245
84
254
6
158
214
152
159
61
56
219
234
17
112
121
42
82
222
106
2
4
7
53
48
124
84
96
115
194
38
57
249
83
58
206
193
218
238
31
188
206
23
97
245
51
37
121
149
119
178
156
200
24
146
85
180
119
209
251
106
31
98
114
198
221
248
106
85
128
229
121
2
216
230
62
201
142
18
205
223
222
193
114
159
96
15
230
171
242
193
115
7
41
45
57
148
169
97
220
171
74
147
164
87
68
40
156
84
127
244
92
39
201
172
119
104
32
80
217
171
17
45
55
98
181
96
104
227
127
58
142
94
172
95
63
154
207
59
242
195
110
70
99
180
254
109
98
154
111
225
55
171
178
227
44
28
117
40
48
201
40
130
98
7
193
10
48
151
141
146
117
70
100
86
72
17
42
174
68
148
229
168
148
34
97
125
103
183
121
254
240
164
126
186
159
111
31
37
31
137
45
45
207
128
52
84
229
67
178
35
7
94
111
226
145
8
195
27
153
218
102
177
112
125
109
165
103
0
245
228
25
24
90
215
5
144
63
205
119
231
236
235
161
10
174
24
68
44
210
233
50
77
244
254
96
51
24
121
241
88
1
100
198
162
69
108
85
221
26
210
114
83
121
121
156
235
78
160
156
39
206
35
8
209
213
144
180
80
45
177
25
90
192
242
189
209
167
232
123
138
40
156
150
251
85
125
161
226
68
182
197
104
216
238
21
204
128
143
242
245
91
86
224
164
213
77
115
58
46
205
128
82
123
6
20
47
168
43
86
94
75
115
207
150
248
114
133
95
3
115
212
157
122
168
23
1
202
136
228
37
28
8
214
218
253
190
94
161
29
120
181
92
193
194
207
221
197
135
127
130
189
143
118
255
19
176
236
83
8
17
5
93
49
113
249
164
207
18
171
18
166
8
56
66
209
125
87
88
103
155
118
40
186
207
12
92
17
198
63
243
17
66
163
184
197
127
160
22
30
187
25
182
18
31
3
91
76
118
169
51
104
103
159
146
50
93
194
27
53
196
247
58
158
189
102
104
80
58
56
9
128
243
79
241
235
54
195
66
85
97
122
186
78
234
46
8
87
51
126
42
137
128
224
100
155
163
152
86
116
162
78
28
211
141
90
226
251
13
134
64
38
226
26
26
41
213
122
59
212
163
235
96
244
213
5
251
170
51
212
178
250
150
113
61
32
235
135
182
145
133
210
100
126
191
216
63
82
135
68
219
193
37
133
92
104
64
107
0
174
20
75
104
6
188
20
239
195
120
15
225
181
59
52
158
137
140
185
217
113
240
192
238
175
109
185
174
150
0
109
165
22
111
73
141
35
190
104
68
9
45
106
122
19
227
42
105
182
162
90
43
251
194
53
87
246
215
110
54
247
187
193
224
215
37
204
184
139
4
249
161
125
245
77
77
76
66
138
33
251
154
159
171
42
91
120
243
85
99
248
59
16
14
36
4
20
96
102
63
39
238
159
65
227
119
46
78
46
61
2
152
134
157
182
188
25
100
148
36
245
237
58
146
15
20
115
33
188
226
12
212
183
204
36
97
124
238
16
62
113
37
82
240
164
219
131
30
146
13
65
196
163
248
22
150
42
240
24
246
69
189
167
33
15
82
5
58
76
173
25
84
64
241
131
115
215
13
75
129
172
103
16
244
101
146
248
253
118
49
198
0
31
99
200
8
71
129
142
144
75
77
249
247
248
166
155
33
156
72
127
117
197
71
137
148
10
122
224
139
66
142
21
163
147
34
119
106
88
216
1
108
235
222
14
26
221
203
236
164
179
93
21
150
227
174
247
11
52
201
232
124
216
143
67
176
46
85
100
116
117
37
107
241
171
189
21
49
131
180
158
36
114
94
78
65
249
56
227
21
211
243
184
69
189
104
141
160
108
240
213
150
96
8
6
116
67
170
242
184
4
198
102
5
15
41
224
9
107
254
182
199
185
23
215
112
62
237
159
41
155
252
72
155
77
177
40
24
178
151
7
188
4
139
162
205
229
201
233
233
215
231
179
105
183
224
213
83
149
72
163
198
43
221
28
232
228
211
0
223
156
173
26
200
241
15
234
252
233
138
112
236
8
146
118
78
225
218
33
19
110
55
95
103
221
119
220
25
111
76
72
72
191
168
193
147
148
120
205
236
123
197
81
67
227
249
212
169
178
86
186
118
147
249
248
189
1
207
157
48
251
10
11
48
195
108
217
106
107
199
36
56
87
125
89
175
251
17
208
203
6
34
150
116
8
123
112
182
152
223
112
52
75
210
125
186
217
84
197
69
239
31
206
89
200
12
156
202
50
107
218
217
244
202
7
229
64
88
253
229
183
209
107
241
138
80
38
156
44
244
182
99
35
174
186
94
177
127
44
162
23
175
150
91
181
174
197
5
117
254
38
35
44
111
9
61
166
51
187
235
239
191
101
55
104
158
75
146
232
183
246
219
132
140
119
98
0
207
24
144
72
108
115
138
13
160
244
18
148
116
11
18
63
94
110
238
141
237
216
9
28
77
124
133
193
145
196
46
57
131
101
177
41
10
177
83
136
24
184
163
77
15
114
103
42
241
205
142
104
255
150
143
214
243
25
112
15
58
158
91
210
251
144
121
49
182
47
55
118
164
117
88
233
196
201
35
28
111
120
88
117
110
106
69
72
248
78
48
170
255
91
160
72
194
145
84
176
133
26
99
118
209
242
164
52
164
13
103
209
141
205
103
135
93
7
58
235
116
34
240
170
224
162
13
118
32
61
187
159
36
47
164
138
7
143
184
178
156
166
39
167
125
73
160
216
131
254
8
68
195
166
141
74
48
166
24
172
92
218
69
8
144
216
153
142
158
189
59
90
177
60
48
171
201
47
248
193
3
120
189
161
105
16
234
148
208
151
20
35
149
217
252
40
193
21
148
65
173
119
154
136
218
103
54
28
92
152
156
217
111
110
140
247
124
36
68
232
125
188
246
96
113
174
167
224
29
144
104
245
220
18
128
234
109
136
81
39
81
168
6
39
67
83
37
109
68
105
70
59
31
147
159
157
129
146
118
129
248
206
167
202
146
109
123
54
220
124
255
54
31
229
130
89
49
133
114
123
222
12
236
128
112
100
33
114
192
153
221
53
106
208
204
143
59
12
200
217
109
151
35
30
110
131
136
187
102
115
31
158
86
65
254
56
133
64
179
192
51
219
215
187
248
235
181
80
141
229
174
230
156
169
249
192
232
214
86
160
71
31
194
201
172
213
185
98
100
30
252
141
145
130
8
0
104
38
60
163
111
30
7
88
135
162
171
174
230
142
133
159
150
44
107
14
209
57
235
73
9
111
182
12
69
59
232
30
120
208
225
137
249
63
146
47
152
148
224
132
239
201
158
210
183
228
201
105
233
21
48
219
131
226
8
143
6
67
65
109
96
139
93
188
211
61
234
116
65
68
46
179
213
230
35
58
231
122
107
127
213
76
95
138
128
48
186
137
247
35
15
156
222
253
238
193
205
147
106
203
189
4
155
83
241
111
79
224
217
138
210
118
8
67
218
143
189
243
107
102
229
3
197
29
30
62
253
235
241
114
117
78
33
159
147
208
237
166
25
248
101
168
99
219
151
191
209
29
245
66
124
162
197
176
27
131
137
168
159
91
232
252
100
32
168
173
57
37
67
162
199
103
76
218
77
140
168
20
100
27
46
231
17
150
21
123
231
32
171
138
48
131
148
33
38
145
5
150
230
121
255
81
35
214
185
166
131
102
86
148
225
104
159
163
88
244
65
122
223
35
165
57
154
229
103
28
214
254
251
153
245
177
7
147
13
84
125
2
246
101
242
72
41
168
178
102
125
147
246
221
201
199
146
248
143
186
153
220
8
184
147
218
203
216
66
60
9
245
233
65
187
190
178
196
176
239
10
64
67
119
41
92
147
118
47
14
34
9
139
228
235
178
160
14
226
3
224
215
164
63
22
90
175
132
183
245
145
18
17
105
236
179
233
147
206
162
245
84
153
57
114
86
145
218
126
80
167
166
215
71
136
59
94
118
224
116
212
64
122
31
242
125
255
196
100
84
117
160
58
167
5
203
77
124
179
44
237
143
230
79
109
219
101
244
244
40
68
75
164
94
243
201
19
196
172
201
7
49
180
83
208
35
66
129
85
34
197
110
58
30
21
231
208
71
219
148
102
215
20
91
194
11
139
246
162
159
241
134
232
133
202
20
111
168
89
42
1
155
126
199
234
179
42
254
12
197
4
27
16
140
127
228
150
143
67
89
125
211
128
234
111
250
58
58
61
129
2
6
193
101
138
141
175
222
35
185
100
202
218
96
63
97
10
253
8
76
242
160
213
187
74
126
53
181
62
83
197
225
233
189
95
224
249
237
73
165
185
161
126
191
228
206
220
27
16
87
247
213
16
179
200
208
71
37
211
254
50
186
134
189
126
77
96
74
242
76
125
110
225
75
137
159
174
149
82
53
144
222
125
111
17
197
137
28
80
49
161
145
68
60
248
198
111
248
121
18
174
16
77
227
86
116
167
211
51
97
149
112
182
101
77
172
6
61
47
158
152
131
112
23
242
156
89
35
169
149
42
161
104
160
194
253
24
95
97
189
57
166
204
107
244
98
90
3
69
34
179
88
27
125
239
70
230
124
170
230
82
166
86
66
27
141
143
4
28
43
47
40
98
123
111
227
98
237
83
177
235
17
12
41
59
201
158
128
176
161
63
96
56
9
205
208
168
202
2
108
101
153
62
148
212
239
149
249
7
86
29
107
83
156
57
47
177
9
231
52
246
169
186
191
57
78
161
213
7
41
55
243
190
134
92
183
97
41
101
218
88
211
35
191
149
88
196
115
3
172
73
14
37
147
121
51
105
109
223
154
38
107
251
195
105
116
123
204
176
167
155
89
202
105
73
32
48
146
214
253
233
158
244
239
232
150
215
171
152
17
28
207
102
42
187
52
93
29
206
58
12
74
94
175
122
145
136
172
236
179
120
169
118
204
188
188
74
109
72
22
125
133
193
123
132
215
236
79
1
122
14
231
132
1
222
245
48
59
242
77
69
178
18
116
133
203
94
161
43
9
17
132
37
202
27
137
197
222
136
153
226
99
182
70
199
115
213
245
14
165
162
192
254
208
92
74
110
152
205
89
115
144
250
239
168
182
228
171
35
81
147
66
119
63
107
73
153
216
76
78
96
50
198
125
217
67
105
91
118
12
158
168
176
54
7
112
25
81
147
27
200
99
129
0
161
216
117
176
193
29
37
45
99
62
232
171
241
234
66
172
212
89
33
204
195
100
141
122
170
168
166
27
35
122
87
124
181
164
27
28
149
143
150
170
196
102
247
140
158
29
145
43
130
167
234
148
236
74
2
37
217
206
114
74
30
119
176
108
238
194
11
25
93
24
120
112
155
237
143
211
164
127
134
195
29
82
195
156
162
253
114
96
187
230
51
120
80
50
118
181
208
220
175
14
81
153
100
107
58
134
146
9
113
121
124
132
228
196
112
134
113
71
113
246
253
223
165
179
120
100
79
10
153
135
150
26
18
193
132
9
63
34
39
247
198
50
198
125
7
218
240
221
109
159
37
57
34
191
223
245
141
224
61
166
207
88
233
55
59
197
106
184
200
54
50
116
38
160
41
50
244
84
135
0
253
249
207
17
120
232
78
112
227
26
219
164
155
6
15
234
234
64
5
217
153
41
232
204
27
126
76
148
201
148
3
204
219
59
128
157
136
55
165
3
169
60
131
160
131
18
250
243
20
188
8
180
85
172
217
183
0
178
106
181
104
122
208
134
117
188
207
147
104
123
55
4
37
248
170
94
84
62
37
142
146
185
232
41
159
195
150
34
202
148
214
146
197
222
145
140
208
45
149
64
159
215
107
52
97
4
126
1
72
238
171
178
250
133
143
154
45
195
91
137
220
105
8
167
60
30
131
133
238
28
78
72
122
13
35
237
88
255
173
13
252
22
192
3
111
11
72
176
169
159
103
218
251
118
77
79
231
156
3
252
210
33
8
60
246
75
16
72
5
27
18
235
145
232
169
189
78
127
22
64
219
29
120
110
100
114
205
36
8
218
102
148
230
98
180
25
73
111
79
144
139
120
131
51
22
172
96
185
79
109
62
134
6
89
72
72
65
234
21
89
158
155
99
170
59
90
66
95
36
82
201
73
39
77
2
143
50
162
149
109
58
222
244
225
21
58
251
79
182
208
84
217
196
200
55
205
193
47
139
133
63
45
218
229
157
70
189
84
9
71
103
185
92
78
134
210
25
229
61
183
245
217
57
75
60
169
2
42
249
113
207
226
19
174
99
78
214
114
126
150
50
50
179
5
20
167
245
177
183
103
169
134
39
75
166
144
16
43
14
28
84
33
190
110
229
94
112
15
193
157
56
201
14
254
179
183
121
213
71
233
238
255
107
236
187
182
196
67
101
128
108
49
128
110
217
87
163
115
244
217
45
241
114
77
68
23
71
105
54
114
131
28
74
132
161
224
64
220
177
44
159
169
160
87
120
215
154
90
156
99
111
124
97
48
195
187
166
209
129
171
97
205
238
127
177
155
213
253
3
132
124
95
213
36
119
249
29
62
189
93
140
78
12
112
119
143
249
244
253
32
215
99
127
115
188
24
190
124
148
153
198
133
123
150
113
98
107
106
231
209
117
78
53
140
80
201
122
41
69
164
156
64
89
91
73
197
149
44
247
226
239
59
248
188
134
194
11
144
220
181
154
191
244
69
223
46
157
84
53
160
0
146
114
221
205
67
21
107
97
240
62
103
171
4
186
13
30
189
129
172
211
190
113
238
160
175
126
249
249
64
105
98
200
252
44
181
58
12
8
116
193
34
107
180
80
247
1
91
145
199
189
142
11
24
232
62
67
71
244
254
16
175
34
154
163
126
66
245
156
58
1
136
204
236
205
241
26
136
171
69
61
250
52
168
1
226
158
165
222
206
211
95
162
12
221
180
54
164
214
16
74
50
20
170
79
239
104
158
71
0
76
40
162
18
88
223
163
167
38
119
68
76
70
9
102
58
41
64
82
126
139
43
83
201
103
109
127
37
6
98
51
24
165
136
134
125
52
224
57
157
5
227
198
118
143
4
253
147
255
76
156
159
229
49
14
146
226
11
27
216
172
205
130
150
117
253
205
152
108
252
239
30
99
129
60
224
177
4
188
190
147
14
52
250
7
106
22
223
204
194
123
84
47
5
196
229
19
245
181
152
79
39
110
38
115
123
27
110
31
46
62
123
214
139
177
201
5
169
198
158
138
55
17
44
93
92
85
146
152
39
136
33
43
204
105
26
162
18
182
47
133
255
171
235
228
142
24
246
37
249
10
75
35
184
102
82
118
206
35
181
33
132
164
158
148
9
160
62
237
119
173
232
25
40
7
53
110
249
227
75
57
240
151
119
81
197
29
209
173
91
219
83
166
35
252
51
187
136
254
136
103
135
242
37
216
230
161
251
9
148
197
254
86
169
209
137
63
93
220
191
227
137
160
79
63
31
107
184
209
245
37
191
213
150
243
32
58
169
43
155
139
18
141
21
195
6
16
91
207
194
128
172
167
193
221
241
185
233
120
173
159
118
210
118
57
24
215
44
8
174
239
213
253
51
48
135
179
101
211
151
161
173
255
46
67
89
145
119
197
159
245
229
25
110
221
96
253
92
72
179
51
144
5
163
156
165
244
212
30
26
0
89
171
181
0
167
200
206
199
24
197
156
21
175
135
193
17
56
59
223
102
194
113
58
236
118
235
79
2
223
48
155
84
247
241
75
129
152
199
94
201
243
38
189
240
56
176
196
202
111
236
231
237
255
96
151
167
116
40
98
38
72
19
65
24
36
1
168
26
214
255
211
173
105
63
233
78
44
250
162
141
110
235
103
255
219
127
228
244
79
178
201
197
35
73
226
160
42
15
126
216
7
177
199
196
248
22
176
2
228
174
172
113
195
104
129
170
213
152
223
165
50
151
153
231
79
68
241
210
224
50
29
237
152
80
231
45
51
54
124
87
17
52
60
252
119
247
145
77
70
109
104
152
120
235
79
30
2
250
210
109
47
149
7
52
48
164
44
4
30
132
2
140
27
222
157
153
80
104
9
17
41
56
1
9
136
105
70
155
85
53
133
71
61
67
173
75
0
91
86
255
114
154
170
62
228
198
194
192
109
80
223
98
117
149
62
143
73
94
154
123
36
73
95
153
207
22
8
213
150
210
226
90
89
89
255
194
54
235
119
35
222
95
15
89
83
50
116
97
211
179
68
208
153
58
172
50
37
111
90
181
233
121
46
203
155
158
189
193
251
177
81
245
107
86
175
141
109
89
121
206
105
159
116
247
237
30
95
115
219
25
22
6
148
245
47
0
74
35
181
96
162
113
192
241
221
81
53
97
0
52
135
40
155
63
248
27
40
66
18
60
238
84
168
229
58
243
156
104
226
49
48
15
210
132
17
220
234
235
27
36
95
192
110
116
164
125
48
12
183
118
227
186
225
83
31
115
3
166
139
102
227
15
95
247
186
76
225
42
20
98
99
189
92
59
246
109
76
33
79
120
35
77
235
225
102
247
14
52
134
128
95
145
170
177
70
194
79
15
107
61
154
178
218
3
233
58
253
63
151
65
113
155
249
144
123
7
26
243
128
174
43
250
62
21
149
74
223
220
240
227
87
20
1
51
143
227
152
103
107
194
28
9
235
241
61
233
140
69
94
22
37
242
239
232
112
183
181
29
61
100
191
184
93
131
95
21
220
53
129
190
68
167
135
154
230
101
240
75
240
0
183
213
22
160
20
39
24
81
106
54
68
253
120
226
138
81
234
18
54
143
55
168
168
195
16
167
46
95
218
122
2
140
221
156
178
118
3
154
225
13
93
121
21
89
112
250
233
102
61
189
174
190
88
38
218
252
43
167
180
171
196
105
89
145
166
193
226
196
118
247
70
184
139
68
166
142
250
111
49
12
127
181
48
198
10
145
26
128
117
207
26
10
146
123
92
116
183
8
139
4
129
85
151
16
41
65
160
159
210
97
57
225
140
164
188
145
103
4
92
194
102
130
231
81
49
8
121
254
138
43
167
86
59
57
62
66
104
192
190
144
200
98
96
164
78
122
19
200
236
182
210
70
165
37
124
17
254
141
7
115
106
25
30
72
170
224
138
65
186
152
78
218
78
183
37
91
29
245
139
195
4
106
85
191
174
67
158
93
170
39
101
43
49
114
250
64
98
86
67
4
16
69
80
7
39
143
223
248
115
234
95
99
37
24
55
203
14
138
120
184
201
140
208
205
174
105
77
167
115
117
216
43
18
242
200
47
154
184
156
170
12
253
104
106
110
58
215
149
239
136
82
216
16
215
1
190
175
197
16
47
91
190
249
197
97
234
116
107
14
77
32
63
124
127
137
249
199
104
112
88
0
124
41
145
157
232
86
5
164
100
222
63
171
81
52
154
135
1
84
79
229
53
25
80
16
61
85
134
79
60
68
68
73
85
57
55
79
245
188
54
188
245
76
52
166
104
246
24
230
35
27
54
57
68
56
51
154
57
170
41
5
7
40
184
74
113
226
121
116
54
58
0
169
245
242
182
238
244
234
118
116
170
208
18
184
59
17
239
234
81
191
79
110
170
144
0
85
240
100
31
196
0
31
195
173
6
34
29
104
70
79
246
90
40
30
207
157
34
152
30
44
42
48
191
102
161
186
160
211
205
40
97
155
108
175
187
10
141
197
250
243
201
216
140
72
170
145
113
237
1
38
45
82
4
120
48
228
219
198
109
194
156
109
57
233
233
122
169
29
162
103
35
183
8
141
196
246
237
157
147
65
250
177
79
160
70
68
169
95
74
134
59
117
172
165
165
1
68
7
71
27
107
79
3
122
215
121
207
29
144
156
118
232
17
197
250
252
241
206
21
101
197
178
60
38
102
224
106
82
181
14
248
47
47
174
59
187
218
3
147
39
48
155
114
144
219
248
113
4
157
30
205
40
121
230
156
89
125
133
90
116
30
165
192
68
180
244
249
255
36
131
157
194
101
87
29
212
68
167
161
137
169
221
18
246
128
233
33
229
3
252
199
86
32
52
137
23
37
209
173
241
104
163
3
194
229
51
157
66
14
68
182
200
22
75
226
4
15
121
73
228
225
122
100
19
21
254
170
10
50
192
213
226
117
175
110
19
185
31
228
195
177
137
180
220
239
40
152
56
162
51
12
69
65
216
229
147
148
163
210
42
145
10
129
96
17
91
247
64
191
90
171
14
235
198
149
56
41
75
44
187
219
122
242
144
244
255
74
100
227
15
162
126
74
24
176
83
233
244
208
213
179
27
157
178
176
144
159
59
119
172
22
40
246
157
61
237
122
176
254
32
81
92
210
143
104
238
99
186
210
131
229
240
221
106
2
164
88
99
135
5
158
95
198
225
17
166
12
135
11
163
142
204
134
159
69
156
217
229
238
129
227
136
178
181
191
165
91
162
75
47
239
237
150
117
57
69
42
12
167
197
142
32
251
254
126
137
67
233
193
169
230
11
40
254
205
4
235
55
140
104
133
121
37
138
55
84
88
0
251
157
161
206
223
114
185
159
25
137
144
93
98
78
15
188
156
201
3
202
166
139
42
126
61
37
106
231
226
104
3
214
139
43
108
95
11
202
100
226
136
108
159
88
68
167
56
197
120
192
97
38
25
55
15
246
199
138
211
103
66
156
104
186
0
40
93
137
45
68
12
241
42
8
162
160
21
101
162
192
194
172
215
14
91
84
35
174
121
71
163
101
248
119
137
73
98
230
172
28
244
112
185
157
212
214
184
25
30
129
67
26
205
151
214
92
6
43
71
127
103
55
173
175
126
240
25
205
89
184
164
229
234
11
92
177
176
14
93
131
48
85
23
218
59
250
205
178
29
72
220
202
79
117
131
156
216
162
252
218
122
36
17
112
32
174
123
35
2
233
130
73
121
140
157
158
13
221
45
28
238
130
171
213
83
51
73
250
84
56
245
254
249
173
199
96
40
8
209
248
234
190
61
215
132
110
114
97
140
99
63
229
209
205
218
158
92
27
229
206
3
90
80
181
216
64
144
98
80
161
30
21
204
70
224
0
192
183
12
201
226
97
164
93
99
131
217
109
242
155
122
113
99
102
100
181
249
73
158
79
188
200
219
163
14
3
22
128
9
236
12
131
18
170
86
63
1
245
170
202
116
81
22
253
218
240
44
252
59
145
211
177
152
99
26
83
194
77
219
97
127
237
22
116
27
146
250
24
203
120
175
177
209
115
132
83
212
178
5
33
97
159
207
232
139
108
34
22
77
251
29
22
137
164
139
112
196
233
94
31
38
109
61
202
72
247
158
9
190
153
150
45
246
101
70
186
205
245
92
6
210
101
121
65
254
234
124
186
66
43
203
127
19
186
143
167
178
66
2
58
251
95
52
118
4
179
135
3
147
7
50
40
165
124
162
225
233
83
218
240
112
126
64
101
251
160
196
14
173
232
94
205
215
244
181
203
105
172
22
166
90
189
55
25
161
95
204
152
196
41
132
131
186
161
76
147
225
47
34
61
92
94
39
248
62
26
22
183
238
173
35
116
19
218
92
40
23
67
214
179
130
147
95
225
46
159
3
161
46
194
7
156
113
143
146
120
242
179
211
126
236
108
104
149
236
183
171
155
240
27
243
112
229
170
24
15
24
16
157
226
92
211
152
220
226
207
229
239
97
127
246
209
14
160
180
230
197
213
253
17
208
232
166
232
30
249
211
117
126
52
218
123
255
196
42
10
97
150
220
1
119
34
104
12
168
238
18
38
231
202
63
162
95
232
1
5
71
80
180
188
37
120
56
232
116
69
63
64
188
69
74
177
24
245
202
44
208
153
185
45
136
125
117
30
6
148
251
69
141
215
31
171
252
217
211
146
121
164
50
97
196
210
154
59
24
220
94
200
250
6
74
124
180
129
94
221
58
22
17
236
120
139
9
70
53
38
18
226
5
18
99
208
116
106
81
43
128
174
75
166
36
23
198
1
10
134
202
25
176
59
171
209
198
5
146
232
108
130
70
203
240
218
212
9
18
154
101
207
22
103
157
134
141
235
87
47
185
147
178
228
69
105
146
19
235
116
168
44
212
153
120
201
20
151
138
122
82
176
54
126
215
100
126
211
167
176
113
212
185
217
28
185
62
195
222
227
94
140
245
51
186
180
208
130
205
233
196
219
179
54
211
70
160
4
96
194
134
41
80
20
247
56
145
196
211
31
68
101
96
8
135
255
150
143
42
172
28
180
77
115
150
7
11
192
180
99
43
23
60
119
78
136
240
208
168
228
46
146
138
148
249
32
49
45
109
121
185
216
113
85
76
86
139
88
183
146
215
171
250
195
159
119
177
236
15
172
21
14
138
38
116
59
88
157
16
143
64
93
243
71
99
205
157
9
76
140
206
93
128
98
248
255
10
33
151
248
78
37
60
238
63
19
228
228
83
43
111
94
24
106
173
26
67
142
199
42
40
178
63
218
251
8
153
140
42
51
12
188
208
207
62
51
204
243
138
51
252
188
12
10
103
183
228
156
113
9
48
173
107
33
231
88
0
233
117
244
188
125
96
245
120
83
142
40
172
114
86
106
217
228
203
71
202
155
13
128
83
220
104
63
127
183
170
82
64
129
148
111
224
213
93
84
62
244
121
70
166
195
52
90
29
249
157
165
119
112
101
241
84
218
196
222
24
216
213
245
51
42
248
144
142
9
0
72
9
186
195
139
129
137
196
59
100
18
103
117
40
103
172
212
126
63
163
102
241
222
92
153
242
24
36
49
48
71
242
64
108
250
217
231
91
56
116
128
170
0
95
148
191
22
157
50
78
206
245
197
47
206
1
113
37
0
96
185
100
17
232
109
209
212
6
136
159
9
176
106
150
251
188
114
144
176
249
255
139
79
133
121
13
152
247
209
137
195
135
20
117
249
34
199
2
224
114
118
161
245
249
104
51
226
26
8
109
53
114
119
228
16
178
62
96
244
154
5
72
78
26
189
240
7
93
239
39
178
253
138
243
189
79
3
184
114
22
178
165
233
157
3
208
51
192
129
196
71
105
226
250
249
56
24
112
108
209
231
157
97
147
124
43
130
82
168
176
81
178
242
100
197
157
136
177
54
230
224
144
232
220
204
226
7
216
98
69
197
228
226
89
80
185
95
112
6
34
209
137
148
7
16
99
230
186
216
196
179
139
253
143
102
230
106
175
172
233
14
205
203
203
25
26
234
194
192
232
40
196
200
233
148
198
77
205
205
55
103
172
69
77
81
124
119
12
120
121
197
175
151
165
87
220
57
148
24
64
103
225
55
67
7
111
252
238
42
141
97
236
98
130
0
147
107
189
159
40
14
5
0
172
23
66
2
199
154
196
154
40
162
122
107
216
73
132
249
82
192
77
183
187
216
228
202
94
39
171
43
248
209
95
122
17
119
239
74
243
79
28
73
145
67
77
107
78
249
40
26
150
211
154
136
179
80
27
3
93
239
158
221
230
106
18
160
53
18
210
83
65
181
198
232
7
204
9
212
24
147
114
231
114
180
202
254
243
36
152
186
36
51
27
35
189
76
29
126
69
183
54
157
87
171
5
229
54
86
215
252
149
158
64
39
79
112
96
197
121
146
4
154
123
78
175
108
92
145
251
49
14
15
21
27
52
175
203
80
115
90
208
241
230
199
144
208
67
206
8
96
145
147
218
59
2
13
255
103
29
113
25
29
56
235
207
72
230
55
122
69
177
98
253
79
168
198
131
75
31
124
29
86
160
35
105
230
143
226
214
58
223
155
8
179
219
126
224
20
91
74
8
176
59
177
230
192
244
28
35
1
171
130
109
17
239
95
61
235
132
101
237
190
51
138
152
138
88
183
173
163
3
207
79
229
168
218
161
17
190
154
177
152
204
255
18
73
9
247
11
177
3
177
192
200
14
18
249
18
115
160
153
180
142
84
94
62
166
92
43
166
76
218
249
6
201
98
131
219
55
67
6
23
56
235
241
232
101
154
28
210
112
17
135
162
87
4
52
25
35
186
54
240
147
72
1
44
232
95
3
25
105
213
247
209
228
19
247
30
85
180
129
218
163
23
238
80
210
25
51
35
194
109
122
177
169
230
226
62
155
118
190
133
160
58
186
174
95
73
101
206
244
212
132
27
211
106
124
19
25
147
79
69
224
175
168
166
200
17
212
40
110
194
83
174
157
0
185
240
11
34
206
12
197
229
44
77
102
61
128
121
140
203
193
191
71
202
80
88
9
142
104
251
79
223
207
220
20
32
41
220
239
243
90
70
194
98
206
217
189
199
106
51
46
177
27
119
93
83
54
181
55
228
198
81
159
254
11
10
122
148
193
75
112
129
236
239
137
20
142
214
252
71
44
114
30
14
153
208
252
56
85
211
93
144
89
45
5
48
175
172
79
86
81
45
72
182
126
6
43
6
45
217
42
109
155
31
1
207
208
62
24
100
236
82
117
182
90
184
180
60
209
97
172
119
179
102
50
85
79
222
233
4
38
136
207
136
27
30
221
224
92
105
28
143
247
57
14
29
159
133
159
80
213
255
181
71
44
160
166
183
57
190
1
217
82
113
176
206
242
3
231
60
75
55
177
56
193
90
27
237
228
90
56
231
95
238
209
151
70
169
98
87
150
33
160
152
164
213
38
113
24
55
218
67
113
34
81
63
246
107
27
226
157
40
108
181
86
103
199
230
177
211
91
179
89
2
7
118
50
90
80
92
87
226
79
195
17
87
92
92
172
26
179
64
13
224
122
236
22
208
233
98
78
186
233
3
166
177
117
142
247
141
194
77
115
46
140
94
34
109
188
199
36
63
56
132
184
145
201
77
121
185
129
227
13
23
132
138
124
201
139
221
189
235
66
205
140
52
16
227
71
115
135
1
235
77
131
161
101
117
28
143
136
210
164
240
18
75
79
172
218
193
222
127
140
183
152
76
245
81
196
37
91
242
25
231
55
179
209
205
205
99
120
28
101
155
162
34
101
173
123
153
14
152
240
234
149
23
47
202
63
176
142
22
177
2
230
45
112
193
25
156
90
232
214
24
228
58
161
251
242
157
78
240
215
11
239
102
184
95
157
212
241
218
85
34
94
205
100
174
98
237
168
231
16
212
96
226
175
252
130
51
171
94
243
10
124
123
197
106
128
106
202
119
163
140
119
87
198
188
75
55
89
205
122
29
138
89
42
135
62
29
55
100
23
152
65
177
229
162
147
217
92
66
22
251
37
214
245
107
104
50
105
207
34
241
161
36
12
169
93
245
116
153
186
133
10
117
235
238
218
76
92
82
196
48
229
10
135
178
114
114
34
67
132
243
250
188
131
25
38
30
146
68
218
46
226
60
243
191
173
115
87
133
209
146
206
98
104
234
84
23
96
152
144
49
20
236
24
127
79
223
97
252
122
40
201
8
227
156
70
201
89
154
224
164
12
235
129
222
145
104
108
233
200
189
78
49
54
194
200
63
172
32
205
47
84
53
195
40
196
228
122
33
139
147
94
232
99
37
57
70
243
230
184
43
225
114
251
83
91
86
68
61
97
205
81
249
247
212
72
76
178
224
136
88
20
76
62
150
242
55
108
168
48
145
229
206
104
189
43
84
231
189
66
127
181
51
133
12
142
135
28
147
114
93
78
59
51
189
142
117
110
1
61
86
207
135
88
126
17
75
77
57
190
96
38
16
113
221
76
85
226
108
245
52
220
13
184
150
217
228
39
89
76
142
232
141
6
136
200
242
80
19
62
21
24
211
233
161
93
239
133
12
246
115
17
177
114
63
157
212
35
236
81
24
134
174
44
210
155
200
227
45
173
50
198
144
74
61
223
123
73
37
216
93
51
219
137
167
24
123
141
133
11
217
135
73
54
6
139
82
217
138
113
222
107
159
89
77
123
29
56
249
101
97
64
243
22
67
95
185
94
147
208
9
222
230
184
157
104
37
124
111
148
102
131
200
20
226
12
24
24
136
252
118
57
170
47
186
164
32
183
137
6
75
15
151
174
252
65
201
64
133
128
114
221
81
2
25
85
62
232
21
140
163
97
50
196
128
118
198
162
220
126
94
116
37
203
42
201
43
18
9
249
231
195
240
131
186
253
250
94
204
191
55
5
247
235
0
106
20
8
39
85
18
32
8
15
117
20
36
44
125
50
75
173
183
249
196
144
251
34
209
241
135
186
122
109
255
46
246
114
22
177
231
91
91
230
91
2
186
153
177
196
76
77
127
231
196
158
48
186
108
21
46
84
72
205
44
61
192
150
1
87
183
241
185
12
179
107
92
125
73
238
56
183
84
158
252
187
244
139
107
119
229
118
230
107
30
199
169
60
34
123
242
58
172
254
82
216
252
231
199
115
78
20
1
174
60
40
142
135
146
107
238
226
85
16
162
26
242
4
231
7
41
86
39
236
25
222
173
166
116
216
42
249
124
52
193
164
204
26
43
249
24
43
235
86
38
59
231
77
176
117
187
123
217
123
192
245
223
90
132
47
66
209
193
181
67
169
166
239
20
120
230
167
3
146
148
212
236
224
149
5
38
28
151
112
196
248
201
110
208
39
181
158
144
163
195
147
128
35
97
236
183
160
149
170
248
130
129
231
157
112
250
102
86
184
15
102
118
3
166
189
188
76
114
6
173
12
127
36
250
126
222
32
183
166
5
177
96
124
60
192
56
135
254
201
134
72
105
171
220
149
119
88
150
3
24
216
45
147
100
156
199
12
5
253
74
237
130
107
158
145
30
126
114
84
135
167
143
227
146
75
230
52
241
85
17
209
194
2
21
128
94
251
138
91
66
164
189
243
207
33
175
1
157
86
240
145
206
151
246
98
155
170
51
196
131
29
149
138
118
217
216
223
72
114
51
83
110
17
165
185
189
117
91
81
7
59
168
89
5
143
230
114
149
89
198
206
167
16
250
121
41
173
152
11
58
106
35
126
162
184
31
140
207
86
236
146
172
211
162
123
161
165
237
45
4
205
30
130
194
123
245
78
90
69
93
32
66
20
204
89
102
51
183
84
227
248
162
101
227
90
236
9
76
110
125
136
33
254
112
224
215
79
233
28
66
69
239
45
170
148
42
160
133
123
63
71
17
163
201
166
88
157
200
69
198
208
20
182
108
121
201
80
239
88
95
170
15
128
128
52
19
46
194
18
224
165
180
223
97
195
34
205
163
198
179
249
177
1
130
43
132
57
194
176
82
134
193
66
149
142
5
41
88
57
174
51
224
208
119
127
180
210
152
23
80
124
241
198
154
189
54
10
186
47
61
44
90
154
97
138
150
89
26
70
81
195
176
226
101
202
188
56
111
216
141
29
206
97
204
37
249
244
73
8
8
7
102
69
227
191
173
223
235
230
137
189
152
212
175
244
168
146
158
75
193
195
79
119
105
54
113
240
202
221
255
142
164
18
174
13
204
204
123
79
7
85
48
241
79
133
76
195
124
9
2
52
83
167
27
210
158
227
129
254
193
52
31
4
248
10
44
223
29
45
112
196
141
227
107
13
226
111
49
65
12
183
153
247
18
147
64
219
96
233
238
154
125
223
253
122
112
78
197
226
235
73
99
200
199
50
11
77
126
0
71
186
174
170
91
7
86
252
96
110
204
28
214
90
47
190
140
218
191
155
169
90
13
74
95
224
58
125
166
255
247
121
10
220
202
181
66
212
52
17
204
104
130
149
194
246
220
219
149
250
126
170
94
132
253
226
88
33
132
229
218
141
158
16
40
79
47
145
97
57
146
122
30
145
34
196
209
95
13
27
5
241
239
32
65
80
156
9
229
163
236
230
130
179
244
153
246
250
16
44
148
163
78
158
215
178
232
86
171
20
218
135
222
26
45
14
236
165
222
54
237
234
102
6
83
120
240
118
27
139
156
148
117
193
6
70
210
124
131
72
40
110
75
217
181
33
92
85
168
130
22
134
114
4
99
58
54
208
244
92
247
232
176
177
165
71
114
172
195
55
49
89
150
156
181
25
117
141
215
203
47
81
1
23
45
229
141
121
68
60
44
149
120
192
68
142
161
61
231
204
96
237
87
231
219
246
153
7
165
123
224
234
198
227
248
209
78
205
76
31
71
100
11
250
168
160
225
220
217
208
125
126
232
35
22
230
25
239
93
166
94
167
79
104
185
194
6
79
93
191
72
206
27
107
109
224
47
24
49
224
122
36
235
84
86
136
184
214
178
196
20
47
77
67
206
6
205
162
17
245
50
221
174
40
70
31
65
209
170
153
129
188
189
70
44
235
124
149
18
113
184
176
108
182
225
241
39
57
17
21
171
67
36
216
127
223
49
170
177
176
124
71
122
165
25
33
132
163
133
220
68
229
206
184
152
52
222
153
203
210
108
36
104
102
38
83
165
35
49
26
211
51
232
35
200
196
115
21
212
56
23
218
33
115
196
27
108
128
85
57
210
11
74
166
240
29
223
86
168
68
186
130
179
249
122
252
66
78
190
207
255
4
222
132
145
101
46
200
2
92
121
77
98
244
176
67
178
240
169
16
74
9
53
221
55
58
61
21
234
240
188
172
116
229
154
37
113
10
163
134
103
24
38
50
68
199
32
14
131
231
221
102
160
203
216
210
38
107
233
7
140
49
166
235
225
246
88
4
211
245
255
216
17
205
149
89
107
249
235
149
45
177
99
209
119
174
94
74
167
235
172
94
150
240
214
77
147
67
61
180
207
248
109
95
205
220
56
13
47
205
84
53
137
202
226
200
230
205
44
175
69
0
41
99
118
252
75
140
103
91
67
54
205
231
199
156
35
187
202
51
136
42
194
22
155
150
23
209
164
169
49
115
141
54
155
24
10
10
41
139
213
174
175
228
93
222
200
167
115
240
249
72
232
28
148
138
222
160
73
164
59
122
101
140
146
99
46
127
167
88
180
233
9
244
202
173
104
223
241
54
50
227
218
93
195
243
177
193
85
162
24
14
25
32
174
25
241
134
111
16
138
117
177
46
40
94
177
165
102
103
10
72
101
25
228
168
95
73
123
49
174
193
112
64
30
164
255
70
177
252
68
65
170
39
169
114
141
232
175
14
124
195
204
109
162
250
5
219
231
222
135
247
110
205
175
148
164
163
125
32
199
6
73
52
8
186
222
179
38
35
117
145
189
99
151
130
47
209
75
231
254
121
72
184
172
212
223
112
236
150
104
215
184
213
110
20
58
196
200
22
223
63
101
33
141
226
153
69
177
83
119
165
254
94
7
24
153
210
139
244
165
247
179
18
98
188
185
150
67
129
173
39
89
224
185
108
97
201
168
182
157
233
72
88
39
22
18
61
196
216
249
136
246
82
84
19
115
27
191
104
228
246
206
148
233
106
33
212
68
37
183
102
195
186
123
65
23
69
212
58
122
237
152
187
222
66
39
254
216
8
215
5
0
147
59
113
122
111
195
195
190
236
162
32
122
29
50
41
43
130
128
86
184
218
219
7
152
146
48
191
47
179
132
25
79
124
168
115
83
222
234
9
33
242
166
25
111
34
7
171
204
249
154
52
69
103
177
83
34
45
38
33
248
78
237
54
61
201
60
101
138
81
31
3
115
75
103
236
75
138
157
223
174
78
188
125
157
80
229
45
170
147
1
103
187
60
166
127
245
4
163
123
200
22
96
223
69
50
76
247
41
222
71
78
237
105
155
10
129
16
77
152
11
28
235
82
201
41
150
35
172
79
91
156
149
128
29
31
131
101
161
255
123
74
21
167
125
15
134
3
75
26
139
73
240
64
157
235
124
121
115
92
44
104
29
42
201
102
122
107
225
48
107
222
252
138
189
9
31
89
191
233
242
143
4
51
116
18
108
245
127
135
144
107
57
1
13
57
34
114
219
148
117
224
42
79
138
103
252
23
111
138
125
155
37
73
200
47
19
61
161
127
69
108
8
89
215
224
229
154
133
78
108
51
195
15
66
105
226
139
16
82
63
124
145
63
171
123
218
33
59
103
43
96
67
3
211
153
196
75
195
214
